d = [1 .24 -.436 -.3]
Program_7_2