num = [.2179 .6072 .8348 .6072 .2179];
den = [1 .4547 1.0528 .0509 .2298];

[b1 a1]=residue([(-0.032185175521160 + 0.074274900677323i) (-0.032185175521160 - 0.074274900677323i)],[(-0.288385145586138 + 0.878071182527654i) (-.288385145586138 - 0.878071182527654i)],0)
[b2 a2]=residue([(-0.332972744409214 - 0.641300628533274i) (-0.332972744409214 + 0.641300628533274i)],[(0.061035145586138 + 0.515078862511312i) (0.061035145586138 - 0.515078862511312i)],0)

[b3 a3]=residue([(-0.055936923341476 - 0.049680653174950i) (-0.055936923341476 + 0.049680653174950i)], [(-0.288385145586138 + 0.878071182527654i) (-0.288385145586138 - 0.878071182527654i)],0)
[b4 a4]=residue([(0.309997358341476 - 0.210649099664578i) (0.309997358341476 + 0.210649099664578i)], [(0.061035145586138 + 0.515078862511312i) (0.061035145586138 - 0.515078862511312i)],0)
