%V
%Simulation 9: VDCC N Type
t9 = [0.0	 5.0E-4	 10.0	 10.0005	 11.0	 11.0005	 188.889	 188.8895	 189.889	 189.8895	 299.999	 ]; 
r9 = [-70.0 -70.0 -70.0 20.0 20.0 -70.0 -70.0 20.0 20.0 -70.0 -70.0 ]; 
