%Icanm
%Simulation 3: VDCC N Type
t3 = [0.0	 5.0E-4	 10.0035	 10.0135	 10.0235	 10.0335	 10.0635	 10.1035	 10.1535	 10.2435	 10.6635	 10.9835	 11.0	 11.0005	 11.0015	 11.002	 11.0025	 11.003	 11.0035	 11.004	 11.0045	 11.005	 11.0055	 11.006	 11.0065	 11.007	 11.0075	 11.008	 11.0085	 11.009	 11.0095	 11.01	 11.0105	 11.011	 11.0115	 11.012	 11.0125	 11.013	 11.0135	 11.014	 11.0145	 11.015	 11.0155	 11.016	 11.0165	 11.017	 11.0175	 11.018	 11.0185	 11.019	 11.0195	 11.02	 11.0205	 11.021	 11.0215	 11.022	 11.0225	 11.023	 11.0235	 11.024	 11.0245	 11.025	 11.0255	 11.026	 11.0265	 11.027	 11.0275	 11.028	 11.0285	 11.029	 11.0295	 11.03	 11.0305	 11.031	 11.0315	 11.032	 11.0325	 11.033	 11.0335	 11.034	 11.0345	 11.035	 11.0355	 11.036	 11.0365	 11.037	 11.0375	 11.038	 11.0385	 11.039	 11.0395	 11.04	 11.0405	 11.041	 11.0415	 11.042	 11.0425	 11.043	 11.0435	 11.044	 11.0445	 11.045	 11.0455	 11.046	 11.0465	 11.047	 11.0475	 11.048	 11.0485	 11.0495	 11.0505	 11.0515	 11.0525	 11.0535	 11.0545	 11.0555	 11.0565	 11.0575	 11.0585	 11.0595	 11.0605	 11.0615	 11.0625	 11.0635	 11.0645	 11.0655	 11.0665	 11.0675	 11.0685	 11.0695	 11.0705	 11.0715	 11.0725	 11.073	 11.076	 11.086	 11.096	 11.106	 11.116	 11.126	 11.136	 11.146	 11.156	 11.166	 11.176	 11.186	 11.196	 11.206	 11.216	 11.226	 11.236	 11.246	 11.256	 11.266	 11.276	 11.286	 11.296	 11.306	 11.316	 11.326	 11.336	 11.346	 11.356	 11.366	 11.376	 11.386	 11.396	 11.406	 11.416	 11.426	 11.436	 11.446	 11.456	 11.466	 11.476	 11.486	 11.496	 11.506	 11.526	 11.546	 11.566	 11.586	 11.606	 11.626	 11.646	 11.666	 11.686	 11.706	 11.726	 11.746	 11.766	 11.786	 11.816	 11.846	 11.876	 11.906	 11.936	 11.966	 11.996	 12.036	 12.076	 12.116	 12.156	 12.206	 12.256	 12.306	 12.366	 12.426	 12.496	 12.576	 12.666	 12.766	 12.886	 13.036	 13.216	 13.466	 13.846	 14.696	 62.226	 62.236	 62.246	 62.256	 62.296	 62.336	 62.406	 63.126	 63.2225	 63.223	 63.224	 63.2245	 63.225	 63.2255	 63.226	 63.2265	 63.227	 63.2275	 63.228	 63.2285	 63.229	 63.2295	 63.23	 63.2305	 63.231	 63.2315	 63.232	 63.2325	 63.233	 63.2335	 63.234	 63.2345	 63.235	 63.2355	 63.236	 63.2365	 63.237	 63.2375	 63.238	 63.2385	 63.239	 63.2395	 63.24	 63.2405	 63.241	 63.2415	 63.242	 63.2425	 63.243	 63.2435	 63.244	 63.2445	 63.245	 63.2455	 63.246	 63.2465	 63.247	 63.2475	 63.248	 63.2485	 63.249	 63.2495	 63.25	 63.2505	 63.251	 63.2515	 63.252	 63.2525	 63.253	 63.2535	 63.254	 63.2545	 63.255	 63.2555	 63.256	 63.2565	 63.257	 63.2575	 63.258	 63.2585	 63.259	 63.2595	 63.26	 63.2605	 63.261	 63.2615	 63.262	 63.2625	 63.263	 63.2635	 63.264	 63.2645	 63.265	 63.2655	 63.266	 63.2665	 63.2675	 63.2685	 63.2695	 63.2705	 63.2715	 63.2725	 63.2735	 63.2745	 63.2755	 63.2765	 63.2775	 63.2785	 63.2795	 63.2805	 63.2815	 63.2825	 63.2835	 63.2845	 63.2855	 63.2865	 63.2875	 63.2885	 63.289	 63.292	 63.302	 63.312	 63.322	 63.332	 63.342	 63.352	 63.362	 63.372	 63.382	 63.392	 63.402	 63.412	 63.422	 63.432	 63.442	 63.452	 63.462	 63.472	 63.482	 63.492	 63.502	 63.512	 63.522	 63.532	 63.542	 63.552	 63.562	 63.572	 63.582	 63.592	 63.602	 63.612	 63.622	 63.632	 63.642	 63.652	 63.662	 63.672	 63.682	 63.692	 63.702	 63.712	 63.732	 63.752	 63.772	 63.792	 63.812	 63.832	 63.852	 63.872	 63.892	 63.912	 63.932	 63.952	 63.972	 64.002	 64.042	 64.082	 64.122	 64.162	 64.202	 64.242	 64.282	 64.322	 64.372	 64.432	 64.492	 64.552	 64.622	 64.702	 64.792	 64.892	 65.012	 65.152	 65.322	 65.542	 65.862	 66.462	 299.992	 ]; 
r3 = [-0.0 -0.0021786765436414375 -0.0019414005573826078 -0.021097967095598857 -0.05449008388781505 -0.07165496241215005 -0.07744734604548104 -0.08363543970357641 -0.08956138919548237 -0.09481386163217108 -0.08959421868449786 -0.08445560729173893 -0.08418047522860378 -0.19321528947567973 -2.5307884264291407 -2.452683230714091 -2.379132988521625 -2.3222824165208 -2.272844635461583 -2.2290332200637772 -2.189670577100131 -2.1538858069772786 -2.1210212327433626 -2.0905725961676507 -2.0621482080853393 -2.0354403133377015 -2.010204593074718 -1.9862452298759419 -1.9634038610813824 -1.9415513025618298 -1.9205812796017057 -1.9004056329708985 -1.880950622823259 -1.8621540584453866 -1.8439630550863868 -1.826332270814676 -1.8092225134369955 -1.7925996344763067 -1.7764336470421134 -1.7606980191785015 -1.7453691053492981 -1.7304256871024883 -1.7158486003479319 -1.701620431587662 -1.6877252692236788 -1.6741484990041642 -1.6608766349562114 -1.6478971789417591 -1.6351985033769922 -1.622769752760424 -1.6106007605271528 -1.5986819784372446 -1.587004416254035 -1.5755595899038775 -1.5643394766561156 -1.5533364761394777 -1.5425433762331195 -1.5319533230486095 -1.5215597943623196 -1.511356575972958 -1.5013377405520463 -1.4914976286304413 -1.4818308314250461 -1.472332175259483 -1.462996707372945 -1.4538196829444936 -1.4447965531871518 -1.435922954388393 -1.4271946977919898 -1.418607760231378 -1.4101582754372717 -1.401842525952813 -1.393656935598274 -1.3855980624347828 -1.3776625921826868 -1.3698473320555278 -1.3621492049750215 -1.354565244136322 -1.3470925878961104 -1.339728474958914 -1.33247023983952 -1.3253153085814775 -1.3182611947135887 -1.3113054954279013 -1.3044458879642027 -1.2976801261872886 -1.2910060373444119 -1.2844215189913795 -1.2779245360766365 -1.271513118173544 -1.2651853568517606 -1.258939403179357 -1.252773465347858 -1.2466858064129962 -1.2406747421444568 -1.2347386389783594 -1.2288759120666355 -1.2230850234178843 -1.2173644801245997 -1.2117128326720459 -1.2061286733243137 -1.2006106345834173 -1.1951573877175123 -1.189767641354595 -1.1844401401382356 -1.179173663442126 -1.1739670241404168 -1.1688190674309786 -1.1637286697089262 -1.1537162063664657 -1.1439212293420025 -1.1343357685041038 -1.1249522597953725 -1.115763518932948 -1.1067627171652283 -1.097943358897167 -1.089299261015998 -1.0808245337665359 -1.0725135630404243 -1.0643609939572696 -1.0563617156275946 -1.0485108469982567 -1.0408037236904828 -1.033235885749198 -1.0258030662299145 -1.0185011805562456 -1.0113263165872455 -1.0042747253391948 -0.997342812311445 -0.9905271293703094 -0.9838243671490252 -0.9772313479253953 -0.9707450189419911 -0.9675409419229359 -0.9578789347371856 -0.9216616881827895 -0.8655568278099404 -0.8169288241416037 -0.7742859700644077 -0.7364524313706372 -0.7025566429299093 -0.6719365565784919 -0.6440786098005977 -0.6185771912663903 -0.5951069126301368 -0.5734031509740545 -0.5532480881073034 -0.5344604959651352 -0.5168881320695704 -0.5004019896426642 -0.4848918890007316 -0.4702630544627055 -0.4564334258428466 -0.4433315246905309 -0.4308947444999932 -0.4190679685133368 -0.40780244321659875 -0.39705485327987455 -0.386786556580655 -0.3769629474686914 -0.3675529235369894 -0.35852843652153893 -0.34986411202990525 -0.3415369259289058 -0.3335259276440783 -0.32581200251288 -0.3183776668175847 -0.3112068902975334 -0.30428494187460825 -0.29759825507396576 -0.291134310224666 -0.2848815310128752 -0.2788291933576311 -0.272967344904219 -0.2672867336974008 -0.2617787448173735 -0.2564353439442894 -0.25124902696951984 -0.24132001340246384 -0.23194067353869466 -0.2230660109902138 -0.2146561570822233 -0.20667562700765427 -0.1990927050598267 -0.1918789331536382 -0.185008682630449 -0.17845879369603793 -0.17220827014937848 -0.1662380195959447 -0.16053063129923525 -0.1550701853508197 -0.14984208803699078 -0.14240655387589216 -0.13542297618980967 -0.128855033101949 -0.12267032761441887 -0.11683984443778171 -0.11133749756057841 -0.10613975101837662 -0.09964670723373868 -0.09361233214499824 -0.08799668941756629 -0.08276432156190808 -0.07671499851525361 -0.0711607911873771 -0.06605389794548402 -0.060457197343406224 -0.05538073180750364 -0.050042505692825416 -0.04462056428515641 -0.039272870363853324 -0.03413169441014809 -0.028899617154658733 -0.02353895443215739 -0.018475245096189242 -0.013293944729346443 -0.008210206748804978 -0.0031441676656106493 -0.0017919576986853392 -0.01947088109445297 -0.049945592074662586 -0.06511065125120605 -0.07176049139961538 