%Step Size
%Simulation 6: VDCC N Type
t6 = [0.0	 5.0E-4	 0.0010	 0.0040	 9.994	 10.0	 10.0005	 10.0035	 10.9935	 11.0	 11.0005	 11.0015	 11.002	 11.073	 11.076	 125.556	 125.5565	 125.5595	 126.5495	 126.556	 126.5565	 126.5575	 126.558	 126.6225	 126.6255	 299.9955	 ]; 
r6 = [5.0E-4 5.0E-4 0.0030 0.01 0.01 0.006000000000168981 0.0030 0.01 0.01 0.006500000000020378 0.0030 9.999999999994458E-4 0.0030 0.0030 0.01 0.01 0.0030 0.01 0.01 0.006499999971879333 0.0030 0.0010000000000047748 0.0030 0.0030 0.01 0.01 ]; 
