%V
%Simulation 8: VDCC N Type
t8 = [0.0	 5.0E-4	 10.0	 10.0005	 11.0	 11.0005	 167.778	 167.7785	 168.778	 168.7785	 299.998	 ]; 
r8 = [-70.0 -70.0 -70.0 20.0 20.0 -70.0 -70.0 20.0 20.0 -70.0 -70.0 ]; 
