%VS
%Simulation 1:  Postsynaptic Potential 
t1 = [0.0	 5.0E-4	 11.167	 11.169	 11.1705	 11.172	 11.173	 11.174	 11.175	 11.176	 11.177	 11.178	 11.179	 11.18	 11.181	 11.182	 11.183	 11.184	 11.185	 11.186	 11.187	 11.188	 11.189	 11.19	 11.191	 11.192	 11.193	 11.194	 11.195	 11.196	 11.197	 11.198	 11.199	 11.2	 11.201	 11.202	 11.203	 11.204	 11.205	 11.206	 11.207	 11.208	 11.209	 11.21	 11.211	 11.212	 11.213	 11.214	 11.215	 11.216	 11.217	 11.218	 11.219	 11.22	 11.221	 11.222	 11.223	 11.224	 11.225	 11.226	 11.227	 11.228	 11.229	 11.23	 11.231	 11.232	 11.233	 11.234	 11.235	 11.236	 11.237	 11.238	 11.239	 11.24	 11.241	 11.242	 11.243	 11.244	 11.245	 11.246	 11.247	 11.248	 11.249	 11.25	 11.251	 11.252	 11.253	 11.254	 11.255	 11.256	 11.257	 11.258	 11.259	 11.26	 11.261	 11.262	 11.263	 11.264	 11.265	 11.266	 11.267	 11.268	 11.269	 11.27	 11.271	 11.272	 11.273	 11.274	 11.275	 11.276	 11.277	 11.278	 11.279	 11.28	 11.281	 11.282	 11.283	 11.284	 11.285	 11.286	 11.287	 11.288	 11.289	 11.29	 11.291	 11.292	 11.293	 11.294	 11.295	 11.296	 11.297	 11.298	 11.299	 11.3	 11.301	 11.302	 11.303	 11.304	 11.305	 11.306	 11.307	 11.308	 11.309	 11.31	 11.311	 11.312	 11.313	 11.314	 11.315	 11.316	 11.317	 11.318	 11.319	 11.32	 11.321	 11.322	 11.323	 11.324	 11.325	 11.326	 11.327	 11.328	 11.329	 11.33	 11.331	 11.332	 11.333	 11.334	 11.335	 11.336	 11.337	 11.338	 11.339	 11.34	 11.341	 11.342	 11.343	 11.344	 11.3455	 11.347	 11.3485	 11.35	 11.3515	 11.353	 11.3545	 11.356	 11.3575	 11.359	 11.3605	 11.362	 11.3635	 11.365	 11.3665	 11.368	 11.3695	 11.371	 11.3725	 11.374	 11.3755	 11.377	 11.3785	 11.38	 11.3815	 11.383	 11.3845	 11.386	 11.3875	 11.389	 11.3905	 11.392	 11.3935	 11.395	 11.3965	 11.398	 11.3995	 11.401	 11.4025	 11.404	 11.4055	 11.407	 11.4085	 11.41	 11.4115	 11.413	 11.415	 11.4165	 11.418	 11.4195	 11.4215	 11.423	 11.4245	 11.426	 11.428	 11.4295	 11.431	 11.433	 11.435	 11.437	 11.4395	 11.442	 11.4445	 11.4455	 11.4465	 11.448	 11.4495	 11.4515	 11.4535	 11.456	 11.4585	 11.461	 11.463	 11.464	 11.4655	 11.467	 11.469	 11.471	 11.4735	 11.476	 11.4785	 11.481	 11.482	 11.4835	 11.485	 11.487	 11.489	 11.4915	 11.494	 11.4965	 11.499	 11.5005	 11.502	 11.504	 11.506	 11.5085	 11.511	 11.5135	 11.5165	 11.518	 11.5195	 11.5215	 11.524	 11.5265	 11.5295	 11.5325	 11.535	 11.537	 11.5395	 11.542	 11.545	 11.548	 11.5505	 11.5525	 11.555	 11.558	 11.561	 11.564	 11.566	 11.5685	 11.5715	 11.5745	 11.5775	 11.5805	 11.583	 11.586	 11.589	 11.592	 11.595	 11.5975	 11.6005	 11.6035	 11.6065	 11.61	 11.613	 11.616	 11.6195	 11.623	 11.6265	 11.6295	 11.633	 11.6365	 11.64	 11.6435	 11.647	 11.6505	 11.654	 11.6575	 11.661	 11.665	 11.6685	 11.672	 11.6755	 11.6795	 11.684	 11.688	 11.692	 11.696	 11.701	 11.705	 11.709	 11.713	 11.718	 11.7225	 11.7265	 11.731	 11.7355	 11.742	 11.7465	 11.751	 11.7555	 11.7625	 11.767	 11.7715	 11.7785	 11.784	 11.789	 11.794	 11.8025	 11.8075	 11.8125	 11.818	 11.8275	 11.833	 11.8385	 11.849	 11.855	 11.861	 11.8725	 11.8785	 11.885	 11.8975	 11.904	 11.911	 11.925	 11.9325	 11.948	 11.956	 11.973	 11.9815	 12.0	 12.009	 12.03	 12.04	 12.064	 12.0905	 12.12	 12.154	 12.3185	 12.384	 12.419	 12.454	 12.4895	 12.525	 12.5295	 12.563	 12.5995	 12.602	 12.6385	 12.642	 12.677	 12.6805	 12.7165	 12.7195	 12.756	 12.758	 12.791	 12.7975	 12.8055	 12.8385	 12.8415	 12.8795	 12.8815	 12.9065	 12.922	 12.925	 12.9605	 12.9655	 12.971	 13.0075	 13.0095	 13.03	 13.052	 13.0545	 13.083	 13.0965	 13.099	 13.126	 13.1415	 13.144	 13.1695	 13.187	 13.1895	 13.2145	 13.233	 13.2355	 13.2605	 13.2795	 13.282	 13.2965	 13.321	 13.338	 13.3405	 13.3655	 13.385	 13.3875	 13.4005	 13.429	 13.441	 13.4435	 13.467	 13.489	 13.491	 13.505	 13.522	 13.5495	 13.5515	 13.5685	 13.599	 13.601	 13.6125	 13.634	 13.657	 13.659	 13.6745	 13.7045	 13.709	 13.7125	 13.727	 13.7545	 13.771	 13.7735	 13.797	 13.822	 13.824	 13.835	 13.858	 13.8815	 13.8835	 13.9005	 13.9305	 13.935	 13.939	 13.9595	 13.9825	 13.985	 14.007	 14.0345	 14.0365	 14.048	 14.0715	 14.096	 14.098	 14.115	 14.1465	 14.152	 14.1555	 14.171	 14.2015	 14.217	 14.2195	 14.2445	 14.2725	 14.2745	 14.2885	 14.308	 14.339	 14.341	 14.358	 14.391	 14.397	 14.4005	 14.417	 14.448	 14.464	 14.4665	 14.4915	 14.521	 14.523	 14.5345	 14.5615	 14.583	 14.586	 14.614	 14.641	 14.643	 14.657	 14.678	 14.71	 14.712	 14.731	 14.7655	 14.7705	 14.7745	 14.796	 14.8305	 14.8375	 14.844	 14.8785	 14.8975	 14.9	 14.9165	 14.951	 14.9595	 14.968	 15.0025	 15.0195	 15.022	 15.0505	 15.082	 15.084	 15.103	 15.1405	 15.146	 15.151	 15.187	 15.2095	 15.212	 15.2405	 15.273	 15.275	 15.2955	 15.3345	 15.338	 15.3435	 15.381	 15.4025	 15.405	 15.4355	 15.467	 15.469	 15.49	 15.5315	 15.534	 15.5495	 15.5905	 15.5995	 15.6055	 15.645	 15.6655	 15.6685	 15.703	 15.732	 15.735	 15.77	 15.799	 15.802	 15.8385	 15.8665	 15.8695	 15.9055	 15.9345	 15.9375	 15.975	 16.003	 16.006	 16.044	 16.0715	 16.0745	 16.114	 16.141	 16.144	 16.1835	 16.2105	 16.214	 16.257	 16.28	 16.2835	 16.3265	 16.3505	 16.354	 16.399	 16.421	 16.4245	 16.4695	 16.492	 16.4955	 16.5405	 16.5635	 16.5675	 16.616	 16.636	 16.65	 16.7035	 16.7085	 16.732	 16.7795	 16.782	 16.8205	 16.853	 16.858	 16.913	 16.927	 16.953	 16.999	 17.002	 17.048	 17.074	 17.091	 17.1475	 17.1505	 17.199	 17.223	 17.243	 17.2975	 17.3005	 17.3515	 17.3735	 17.394	 17.4485	 17.452	 17.51	 17.526	 17.5585	 17.6015	 17.6125	 17.6775	 17.681	 17.7415	 17.756	 17.7935	 17.8325	 17.8465	 17.91	 17.914	 17.982	 17.99	 18.04	 18.068	 18.111	 18.146	 18.179	 18.2245	 18.243	 18.304	 18.326	 18.384	 18.406	 18.464	 18.489	 18.5445	 18.5695	 18.625	 18.65	 18.706	 18.7325	 18.788	 18.8315	 18.87	 18.928	 18.9525	 19.023	 19.0355	 19.1155	 19.1355	 19.199	 19.2545	 19.284	 19.365	 19.391	 19.4495	 19.5095	 19.536	 19.6175	 19.666	 19.7045	 19.787	 19.825	 19.8745	 19.958	 19.997	 20.046	 20.1305	 20.1975	 20.229	 20.305	 20.3905	 20.449	 20.488	 20.567	 20.654	 20.741	 20.787	 20.842	 20.9215	 21.0095	 21.0985	 21.1515	 21.1535	 21.1555	 21.1575	 21.159	 21.1605	 21.162	 21.1635	 21.165	 21.1665	 21.168	 21.1695	 21.171	 21.1725	 21.174	 21.1755	 21.177	 21.1785	 21.18	 21.1815	 21.183	 21.1845	 21.186	 21.1875	 21.189	 21.1905	 21.192	 21.1935	 21.195	 21.1965	 21.198	 21.1995	 21.201	 21.2025	 21.204	 21.2055	 21.207	 21.2085	 21.21	 21.2115	 21.213	 21.2145	 21.216	 21.2175	 21.219	 21.2205	 21.222	 21.2235	 21.225	 21.2265	 21.228	 21.2295	 21.231	 21.2325	 21.234	 21.2355	 21.237	 21.2385	 21.24	 21.2415	 21.243	 21.2445	 21.246	 21.2475	 21.249	 21.2505	 21.252	 21.2535	 21.255	 21.2565	 21.258	 21.2595	 21.261	 21.2625	 21.264	 21.2655	 21.267	 21.2685	 21.27	 21.2715	 21.273	 21.2745	 21.276	 21.2775	 21.279	 21.281	 21.283	 21.285	 21.287	 21.289	 21.291	 21.293	 21.295	 21.297	 21.299	 21.301	 21.303	 21.305	 21.307	 21.309	 21.311	 21.313	 21.315	 21.3175	 21.3195	 21.323	 21.3275	 21.329	 21.33	 21.3315	 21.3335	 21.336	 21.339	 21.3435	 21.346	 21.347	 21.3485	 21.3505	 21.353	 21.3565	 21.361	 21.363	 21.3645	 21.3665	 21.369	 21.372	 21.3765	 21.3795	 21.381	 21.383	 21.386	 21.39	 21.3945	 21.396	 21.3975	 21.3995	 21.4025	 21.4065	 21.411	 21.4125	 21.4145	 21.4175	 21.4215	 21.426	 21.4285	 21.4305	 21.4335	 21.438	 21.4425	 21.4445	 21.447	 21.4515	 21.456	 21.458	 21.4615	 21.4665	 21.47	 21.4725	 21.477	 21.482	 21.4845	 21.488	 21.493	 21.497	 21.5	 21.505	 21.51	 21.513	 21.5175	 21.5225	 21.5265	 21.5305	 21.536	 21.5405	 21.5445	 21.55	 21.5555	 21.5595	 21.565	 21.5705	 21.5745	 21.58	 21.586	 21.5905	 21.5965	 21.6025	 21.6075	 21.6135	 21.62	 21.626	 21.6325	 21.639	 21.6455	 21.652	 21.659	 21.666	 21.673	 21.681	 21.6885	 21.697	 21.7045	 21.712	 21.7215	 21.7295	 21.74	 21.7485	 21.76	 21.769	 21.7815	 21.791	 21.8045	 21.8145	 21.8295	 21.8405	 21.857	 21.875	 21.8875	 21.9075	 21.9295	 21.954	 21.9815	 22.0115	 22.0625	 22.13	 22.2595	 22.326	 22.393	 22.429	 22.465	 22.5015	 22.5385	 22.5755	