%V
%Simulation 2: VDCC N Type
t2 = [0.0	 5.0E-4	 10.0	 10.0005	 11.0	 11.0005	 41.1115	 41.112	 42.1115	 42.112	 299.991	 ]; 
r2 = [-70.0 -70.0 -70.0 20.0 20.0 -70.0 -70.0 20.0 20.0 -70.0 -70.0 ]; 
