%VS
%Simulation 3:  Postsynaptic Potential 
t3 = [0.0	 5.0E-4	 11.167	 11.169	 11.1705	 11.172	 11.173	 11.174	 11.175	 11.176	 11.177	 11.178	 11.179	 11.18	 11.181	 11.182	 11.183	 11.184	 11.185	 11.186	 11.187	 11.188	 11.189	 11.19	 11.191	 11.192	 11.193	 11.194	 11.195	 11.196	 11.197	 11.198	 11.199	 11.2	 11.201	 11.202	 11.203	 11.204	 11.205	 11.206	 11.207	 11.208	 11.209	 11.21	 11.211	 11.212	 11.213	 11.214	 11.215	 11.216	 11.217	 11.218	 11.219	 11.22	 11.221	 11.222	 11.223	 11.224	 11.225	 11.226	 11.227	 11.228	 11.229	 11.23	 11.231	 11.232	 11.233	 11.234	 11.235	 11.236	 11.237	 11.238	 11.239	 11.24	 11.241	 11.242	 11.243	 11.244	 11.245	 11.246	 11.247	 11.248	 11.249	 11.25	 11.251	 11.252	 11.253	 11.254	 11.255	 11.256	 11.257	 11.258	 11.259	 11.26	 11.261	 11.262	 11.263	 11.264	 11.265	 11.266	 11.267	 11.268	 11.269	 11.27	 11.271	 11.272	 11.273	 11.274	 11.275	 11.276	 11.277	 11.278	 11.279	 11.28	 11.281	 11.282	 11.283	 11.284	 11.285	 11.286	 11.287	 11.288	 11.289	 11.29	 11.291	 11.292	 11.293	 11.294	 11.295	 11.296	 11.297	 11.298	 11.299	 11.3	 11.301	 11.302	 11.303	 11.304	 11.305	 11.306	 11.307	 11.308	 11.309	 11.31	 11.311	 11.312	 11.313	 11.314	 11.315	 11.316	 11.317	 11.318	 11.319	 11.32	 11.321	 11.322	 11.323	 11.324	 11.325	 11.326	 11.327	 11.328	 11.329	 11.33	 11.331	 11.332	 11.333	 11.334	 11.335	 11.336	 11.337	 11.338	 11.339	 11.34	 11.341	 11.342	 11.343	 11.344	 11.3455	 11.347	 11.3485	 11.35	 11.3515	 11.353	 11.3545	 11.356	 11.3575	 11.359	 11.3605	 11.362	 11.3635	 11.365	 11.3665	 11.368	 11.3695	 11.371	 11.3725	 11.374	 11.3755	 11.377	 11.3785	 11.38	 11.3815	 11.383	 11.3845	 11.386	 11.3875	 11.389	 11.3905	 11.392	 11.3935	 11.395	 11.3965	 11.398	 11.3995	 11.401	 11.4025	 11.404	 11.4055	 11.407	 11.4085	 11.41	 11.4115	 11.413	 11.415	 11.4165	 11.418	 11.4195	 11.4215	 11.423	 11.4245	 11.426	 11.428	 11.4295	 11.431	 11.433	 11.435	 11.437	 11.4395	 11.442	 11.4445	 11.4455	 11.4465	 11.448	 11.4495	 11.4515	 11.4535	 11.456	 11.4585	 11.461	 11.463	 11.464	 11.4655	 11.467	 11.469	 11.471	 11.4735	 11.476	 11.4785	 11.481	 11.482	 11.4835	 11.485	 11.487	 11.489	 11.4915	 11.494	 11.4965	 11.499	 11.5005	 11.502	 11.504	 11.506	 11.5085	 11.511	 11.5135	 11.5165	 11.518	 11.5195	 11.5215	 11.524	 11.5265	 11.5295	 11.5325	 11.535	 11.537	 11.5395	 11.542	 11.545	 11.548	 11.5505	 11.5525	 11.555	 11.558	 11.561	 11.564	 11.566	 11.5685	 11.5715	 11.5745	 11.5775	 11.5805	 11.583	 11.586	 11.589	 11.592	 11.595	 11.5975	 11.6005	 11.6035	 11.6065	 11.61	 11.613	 11.616	 11.6195	 11.623	 11.6265	 11.6295	 11.633	 11.6365	 11.64	 11.6435	 11.647	 11.6505	 11.654	 11.6575	 11.661	 11.665	 11.6685	 11.672	 11.6755	 11.6795	 11.684	 11.688	 11.692	 11.696	 11.701	 11.705	 11.709	 11.713	 11.718	 11.7225	 11.7265	 11.731	 11.7355	 11.742	 11.7465	 11.751	 11.7555	 11.7625	 11.767	 11.7715	 11.7785	 11.784	 11.789	 11.794	 11.8025	 11.8075	 11.8125	 11.818	 11.8275	 11.833	 11.8385	 11.849	 11.855	 11.861	 11.8725	 11.8785	 11.885	 11.8975	 11.904	 11.911	 11.925	 11.9325	 11.948	 11.956	 11.973	 11.9815	 12.0	 12.009	 12.03	 12.04	 12.064	 12.0905	 12.12	 12.154	 12.3185	 12.384	 12.419	 12.454	 12.4895	 12.525	 12.5295	 12.563	 12.5995	 12.602	 12.6385	 12.642	 12.677	 12.6805	 12.7165	 12.7195	 12.756	 12.758	 12.791	 12.7975	 12.8055	 12.8385	 12.8415	 12.8795	 12.8815	 12.9065	 12.922	 12.925	 12.9605	 12.9655	 12.971	 13.0075	 13.0095	 13.03	 13.052	 13.0545	 13.083	 13.0965	 13.099	 13.126	 13.1415	 13.144	 13.1695	 13.187	 13.1895	 13.2145	 13.233	 13.2355	 13.2605	 13.2795	 13.282	 13.2965	 13.321	 13.338	 13.3405	 13.3655	 13.385	 13.3875	 13.4005	 13.429	 13.441	 13.4435	 13.467	 13.489	 13.491	 13.505	 13.522	 13.5495	 13.5515	 13.5685	 13.599	 13.601	 13.6125	 13.634	 13.657	 13.659	 13.6745	 13.7045	 13.709	 13.7125	 13.727	 13.7545	 13.771	 13.7735	 13.797	 13.822	 13.824	 13.835	 13.858	 13.8815	 13.8835	 13.9005	 13.9305	 13.935	 13.939	 13.9595	 13.9825	 13.985	 14.007	 14.0345	 14.0365	 14.048	 14.0715	 14.096	 14.098	 14.115	 14.1465	 14.152	 14.1555	 14.171	 14.2015	 14.217	 14.2195	 14.2445	 14.2725	 14.2745	 14.2885	 14.308	 14.339	 14.341	 14.358	 14.391	 14.397	 14.4005	 14.417	 14.448	 14.464	 14.4665	 14.4915	 14.521	 14.523	 14.5345	 14.5615	 14.583	 14.586	 14.614	 14.641	 14.643	 14.657	 14.678	 14.71	 14.712	 14.731	 14.7655	 14.7705	 14.7745	 14.796	 14.8305	 14.8375	 14.844	 14.8785	 14.8975	 14.9	 14.9165	 14.951	 14.9595	 14.968	 15.0025	 15.0195	 15.022	 15.0505	 15.082	 15.084	 15.103	 15.1405	 15.146	 15.151	 15.187	 15.2095	 15.212	 15.2405	 15.273	 15.275	 15.2955	 15.3345	 15.338	 15.3435	 15.381	 15.4025	 15.405	 15.4355	 15.467	 15.469	 15.49	 15.5315	 15.534	 15.5495	 15.5905	 15.5995	 15.6055	 15.645	 15.6655	 15.6685	 15.703	 15.732	 15.735	 15.77	 15.799	 15.802	 15.8385	 15.8665	 15.8695	 15.9055	 15.9345	 15.9375	 15.975	 16.003	 16.006	 16.044	 16.0715	 16.0745	 16.114	 16.141	 16.144	 16.1835	 16.2105	 16.214	 16.257	 16.28	 16.2835	 16.3265	 16.3505	 16.354	 16.399	 16.421	 16.4245	 16.4695	 16.492	 16.4955	 16.5405	 16.5635	 16.5675	 16.616	 16.636	 16.65	 16.7035	 16.7085	 16.732	 16.7795	 16.782	 16.8205	 16.853	 16.858	 16.913	 16.927	 16.953	 16.999	 17.002	 17.048	 17.074	 17.091	 17.1475	 17.1505	 17.199	 17.223	 17.243	 17.2975	 17.3005	 17.3515	 17.3735	 17.394	 17.4485	 17.452	 17.51	 17.526	 17.5585	 17.6015	 17.6125	 17.6775	 17.681	 17.7415	 17.756	 17.7935	 17.8325	 17.8465	 17.91	 17.914	 17.982	 17.99	 18.04	 18.068	 18.111	 18.146	 18.179	 18.2245	 18.243	 18.304	 18.326	 18.384	 18.406	 18.464	 18.489	 18.5445	 18.5695	 18.625	 18.65	 18.706	 18.7325	 18.788	 18.8315	 18.87	 18.928	 18.9525	 19.023	 19.0355	 19.1155	 19.1355	 19.199	 19.2545	 19.284	 19.365	 19.391	 19.4495	 19.5095	 19.536	 19.6175	 19.666	 19.7045	 19.787	 19.825	 19.8745	 19.958	 19.997	 20.046	 20.1305	 20.1975	 20.229	 20.305	 20.3905	 20.449	 20.488	 20.567	 20.654	 20.741	 20.787	 20.842	 20.9215	 21.0095	 21.0985	 21.1875	 21.277	 21.3675	 21.458	 21.549	 21.64	 21.7315	 21.824	 21.916	 22.0095	 22.1045	 22.228	 22.3515	 22.4725	 22.5685	 22.701	 22.8495	 22.9485	 23.1175	 23.2335	 23.423	 23.5465	 23.7145	 23.9085	 24.104	 24.282	 24.4995	 24.699	 24.901	 25.1485	 25.406	 25.7105	 26.019	 26.331	 26.7105	 27.1125	 27.596	 28.1335	 28.6945	 29.4	 30.236	 31.1495	 32.279	 33.493	 34.7425	 36.0595	 37.456	 38.655	 39.8305	 40.978	 42.1085	 43.265	 44.3575	 45.4365	 46.4765	 47.497	 48.5055	 49.518	 51.0095	 51.9985	 52.994	 53.9975	 54.985	 55.9975	 56.9995	 58.001	 59.037	 60.0705	 61.099	 62.146	 63.197	 63.402	 63.4045	 63.4065	 63.4085	 63.4105	 63.4125	 63.4145	 63.416	 63.417	 63.418	 63.419	 63.42	 63.421	 63.422	 63.423	 63.424	 63.425	 63.426	 63.427	 63.428	 63.429	 63.43	 63.431	 63.432	 63.433	 63.434	 63.435	 63.436	 63.437	 63.438	 63.439	 63.44	 63.441	 63.442	 63.443	 63.444	 63.445	 63.446	 63.447	 63.448	 63.449	 63.45	 63.451	 63.452	 63.453	 63.454	 63.455	 63.456	 63.457	 63.458	 63.459	 63.46	 63.461	 63.462	 63.463	 63.464	 63.465	 63.466	 63.467	 63.468	 63.469	 63.47	 63.471	 63.472	 63.473	 63.474	 63.475	 63.476	 63.477	 63.478	 63.479	 63.48	 63.481	 63.482	 63.483	 63.484	 63.485	 63.486	 63.487	 63.488	 63.489	 63.49	 63.491	 63.492	 63.493	 63.494	 63.495	 63.496	 63.497	 63.498	 63.4995	 63.5015	 63.5035	 63.5055	 63.5075	 63.5095	 63.5115	 63.5135	 63.5155	 63.5175	 63.5195	 63.5215	 63.5235	 63.5255	 63.5275	 63.5295	 63.5315	 63.5335	 63.5355	 63.5375	 63.5395	 63.5415	 63.5435	 63.5455	 63.5475	 63.5495	 63.5515	 63.5535	 63.5555	 63.5575	 63.5595	 63.5615	 63.5635	 63.5655	 63.5675	 63.5695	 63.5715	 63.5735	 63.5755	 63.5775	 63.5795	 63.5815	 63.584	 63.586	 63.588	 63.59	 63.5935	 63.5975	 63.599	 63.6	 63.601	 63.603	 63.6055	 63.6075	 63.6105	 63.6145	 63.6165	 63.6175	 63.6185	 63.6205	 63.623	 63.6255	 63.629	 63.633	 63.6345	 63.6355	 63.6375	 63.64	 63.6425	 63.646	 63.65	 63.6515	 