%Step Size
%Simulation 7: VDCC N Type
t7 = [0.0	 5.0E-4	 0.0010	 0.0040	 9.994	 10.0	 10.0005	 10.0035	 10.9935	 11.0	 11.0005	 11.0015	 11.002	 11.073	 11.076	 146.666	 146.667	 146.6675	 146.6705	 147.6605	 147.667	 147.6675	 147.6685	 147.669	 147.734	 147.737	 299.997	 ]; 
r7 = [5.0E-4 5.0E-4 0.0030 0.01 0.01 0.006000000000168981 0.0030 0.01 0.01 0.006500000000020378 0.0030 9.999999999994458E-4 0.0030 0.0030 0.01 0.01 9.999999881245003E-4 0.0030 0.01 0.01 0.00650000000092632 0.0030 0.0010000000000047748 0.0030 0.0030 0.01 0.01 ]; 
