%V
%Simulation 6: VDCC N Type
t6 = [0.0	 5.0E-4	 10.0	 10.0005	 11.0	 11.0005	 125.546	 125.556	 126.556	 126.5565	 299.9955	 ]; 
r6 = [-70.0 -70.0 -70.0 20.0 20.0 -70.0 -70.0 20.0 20.0 -70.0 -70.0 ]; 
