%Step Size
%Simulation 4: VDCC N Type
t4 = [0.0	 5.0E-4	 0.0010	 0.0040	 9.994	 10.0	 10.0005	 10.0035	 10.9935	 11.0	 11.0005	 11.0015	 11.002	 11.073	 11.076	 83.326	 83.3335	 83.334	 83.337	 84.327	 84.3335	 84.334	 84.335	 84.3355	 84.4	 84.403	 299.993	 ]; 
r4 = [5.0E-4 5.0E-4 0.0030 0.01 0.01 0.006000000000168981 0.0030 0.01 0.01 0.006500000000020378 0.0030 9.999999999994458E-4 0.0030 0.0030 0.01 0.01 0.007499999993996198 0.0030 0.01 0.01 0.006499999999491024 0.0030 9.99999999990564E-4 0.0030 0.0030 0.01 0.01 ]; 
