%Step Size
%Simulation 2: VDCC N Type
t2 = [0.0	 5.0E-4	 0.0010	 0.0040	 9.994	 10.0	 10.0005	 10.0035	 10.9935	 11.0	 11.0005	 11.0015	 11.002	 11.073	 11.076	 41.106	 41.1115	 41.112	 41.115	 42.105	 42.1115	 42.112	 42.113	 42.1135	 42.178	 42.181	 299.991	 ]; 
r2 = [5.0E-4 5.0E-4 0.0030 0.01 0.01 0.006000000000168981 0.0030 0.01 0.01 0.006500000000020378 0.0030 9.999999999994458E-4 0.0030 0.0030 0.01 0.01 0.00549999999932993 0.0030 0.01 0.01 0.006500000000194461 0.0030 9.999999999976694E-4 0.0030 0.0030 0.01 0.01 ]; 
