%V
%Simulation 1: VDCC N Type
t1 = [0.0	 5.0E-4	 10.0	 10.0005	 11.0	 11.0005	 20.0005	 20.001	 21.0005	 21.001	 299.9995	 ]; 
r1 = [-70.0 -70.0 -70.0 20.0 20.0 -70.0 -70.0 20.0 20.0 -70.0 -70.0 ]; 
