%Step Size
%Simulation 5: VDCC N Type
t5 = [0.0	 5.0E-4	 0.0010	 0.0040	 9.994	 10.0	 10.0005	 10.0035	 10.9935	 11.0	 11.0005	 11.0015	 11.002	 11.073	 11.076	 104.436	 104.4445	 104.445	 104.448	 105.438	 105.4445	 105.445	 105.446	 105.4465	 105.511	 105.514	 299.994	 ]; 
r5 = [5.0E-4 5.0E-4 0.0030 0.01 0.01 0.006000000000168981 0.0030 0.01 0.01 0.006500000000020378 0.0030 9.999999999994458E-4 0.0030 0.0030 0.01 0.01 0.008499999983200723 0.0030 0.01 0.01 0.006499999999491024 0.0030 9.99999999990564E-4 0.0030 0.0030 0.01 0.01 ]; 
