%V
%Simulation 4: VDCC N Type
t4 = [0.0	 5.0E-4	 10.0	 10.0005	 11.0	 11.0005	 83.3335	 83.334	 84.3335	 84.334	 299.993	 ]; 
r4 = [-70.0 -70.0 -70.0 20.0 20.0 -70.0 -70.0 20.0 20.0 -70.0 -70.0 ]; 
