%Icanm
%Simulation 5: VDCC N Type
t5 = [0.0	 5.0E-4	 10.0035	 10.0135	 10.0235	 10.0335	 10.0635	 10.1035	 10.1535	 10.2435	 10.6635	 10.9835	 11.0	 11.0005	 11.0015	 11.002	 11.0025	 11.003	 11.0035	 11.004	 11.0045	 11.005	 11.0055	 11.006	 11.0065	 11.007	 11.0075	 11.008	 11.0085	 11.009	 11.0095	 11.01	 11.0105	 11.011	 11.0115	 11.012	 11.0125	 11.013	 11.0135	 11.014	 11.0145	 11.015	 11.0155	 11.016	 11.0165	 11.017	 11.0175	 11.018	 11.0185	 11.019	 11.0195	 11.02	 11.0205	 11.021	 11.0215	 11.022	 11.0225	 11.023	 11.0235	 11.024	 11.0245	 11.025	 11.0255	 11.026	 11.0265	 11.027	 11.0275	 11.028	 11.0285	 11.029	 11.0295	 11.03	 11.0305	 11.031	 11.0315	 11.032	 11.0325	 11.033	 11.0335	 11.034	 11.0345	 11.035	 11.0355	 11.036	 11.0365	 11.037	 11.0375	 11.038	 11.0385	 11.039	 11.0395	 11.04	 11.0405	 11.041	 11.0415	 11.042	 11.0425	 11.043	 11.0435	 11.044	 11.0445	 11.045	 11.0455	 11.046	 11.0465	 11.047	 11.0475	 11.048	 11.0485	 11.0495	 11.0505	 11.0515	 11.0525	 11.0535	 11.0545	 11.0555	 11.0565	 11.0575	 11.0585	 11.0595	 11.0605	 11.0615	 11.0625	 11.0635	 11.0645	 11.0655	 11.0665	 11.0675	 11.0685	 11.0695	 11.0705	 11.0715	 11.0725	 11.073	 11.076	 11.086	 11.096	 11.106	 11.116	 11.126	 11.136	 11.146	 11.156	 11.166	 11.176	 11.186	 11.196	 11.206	 11.216	 11.226	 11.236	 11.246	 11.256	 11.266	 11.276	 11.286	 11.296	 11.306	 11.316	 11.326	 11.336	 11.346	 11.356	 11.366	 11.376	 11.386	 11.396	 11.406	 11.416	 11.426	 11.436	 11.446	 11.456	 11.466	 11.476	 11.486	 11.496	 11.506	 11.526	 11.546	 11.566	 11.586	 11.606	 11.626	 11.646	 11.666	 11.686	 11.706	 11.726	 11.746	 11.766	 11.786	 11.816	 11.846	 11.876	 11.906	 11.936	 11.966	 11.996	 12.036	 12.076	 12.116	 12.156	 12.206	 12.256	 12.306	 12.366	 12.426	 12.496	 12.576	 12.666	 12.766	 12.886	 13.036	 13.216	 13.466	 13.846	 14.696	 104.448	 104.458	 104.468	 104.478	 104.508	 104.548	 104.608	 104.748	 105.118	 105.4445	 105.445	 105.446	 105.4465	 105.447	 105.4475	 105.448	 105.4485	 105.449	 105.4495	 105.45	 105.4505	 105.451	 105.4515	 105.452	 105.4525	 105.453	 105.4535	 105.454	 105.4545	 105.455	 105.4555	 105.456	 105.4565	 105.457	 105.4575	 105.458	 105.4585	 105.459	 105.4595	 105.46	 105.4605	 105.461	 105.4615	 105.462	 105.4625	 105.463	 105.4635	 105.464	 105.4645	 105.465	 105.4655	 105.466	 105.4665	 105.467	 105.4675	 105.468	 105.4685	 105.469	 105.4695	 105.47	 105.4705	 105.471	 105.4715	 105.472	 105.4725	 105.473	 105.4735	 105.474	 105.4745	 105.475	 105.4755	 105.476	 105.4765	 105.477	 105.4775	 105.478	 105.4785	 105.479	 105.4795	 105.48	 105.4805	 105.481	 105.4815	 105.482	 105.4825	 105.483	 105.4835	 105.484	 105.4845	 105.485	 105.4855	 105.486	 105.4865	 105.487	 105.4875	 105.488	 105.4885	 105.4895	 105.4905	 105.4915	 105.4925	 105.4935	 105.4945	 105.4955	 105.4965	 105.4975	 105.4985	 105.4995	 105.5005	 105.5015	 105.5025	 105.5035	 105.5045	 105.5055	 105.5065	 105.5075	 105.5085	 105.5095	 105.5105	 105.511	 105.514	 105.524	 105.534	 105.544	 105.554	 105.564	 105.574	 105.584	 105.594	 105.604	 105.614	 105.624	 105.634	 105.644	 105.654	 105.664	 105.674	 105.684	 105.694	 105.704	 105.714	 105.724	 105.734	 105.744	 105.754	 105.764	 105.774	 105.784	 105.794	 105.804	 105.814	 105.824	 105.834	 105.844	 105.854	 105.864	 105.874	 105.884	 105.894	 105.904	 105.914	 105.924	 105.934	 105.954	 105.974	 105.994	 106.014	 106.034	 106.054	 106.074	 106.094	 106.114	 106.134	 106.154	 106.174	 106.194	 106.224	 106.264	 106.304	 106.344	 106.384	 106.424	 106.464	 106.504	 106.544	 106.594	 106.654	 106.714	 106.774	 106.844	 106.924	 107.004	 107.104	 107.214	 107.344	 107.514	 107.734	 108.044	 108.584	 299.994	 ]; 
r5 = [-0.0 -0.0021786765436414375 -0.0019414005573826078 -0.021097967095598857 -0.05449008388781505 -0.07165496241215005 -0.07744734604548104 -0.08363543970357641 -0.08956138919548237 -0.09481386163217108 -0.08959421868449786 -0.08445560729173893 -0.08418047522860378 -0.19321528947567973 -2.5307884264291407 -2.452683230714091 -2.379132988521625 -2.3222824165208 -2.272844635461583 -2.2290332200637772 -2.189670577100131 -2.1538858069772786 -2.1210212327433626 -2.0905725961676507 -2.0621482080853393 -2.0354403133377015 -2.010204593074718 -1.9862452298759419 -1.9634038610813824 -1.9415513025618298 -1.9205812796017057 -1.9004056329708985 -1.880950622823259 -1.8621540584453866 -1.8439630550863868 -1.826332270814676 -1.8092225134369955 -1.7925996344763067 -1.7764336470421134 -1.7606980191785015 -1.7453691053492981 -1.7304256871024883 -1.7158486003479319 -1.701620431587662 -1.6877252692236788 -1.6741484990041642 -1.6608766349562114 -1.6478971789417591 -1.6351985033769922 -1.622769752760424 -1.6106007605271528 -1.5986819784372446 -1.587004416254035 -1.5755595899038775 -1.5643394766561156 -1.5533364761394777 -1.5425433762331195 -1.5319533230486095 -1.5215597943623196 -1.511356575972958 -1.5013377405520463 -1.4914976286304413 -1.4818308314250461 -1.472332175259483 -1.462996707372945 -1.4538196829444936 -1.4447965531871518 -1.435922954388393 -1.4271946977919898 -1.418607760231378 -1.4101582754372717 -1.401842525952813 -1.393656935598274 -1.3855980624347828 -1.3776625921826868 -1.3698473320555278 -1.3621492049750215 -1.354565244136322 -1.3470925878961104 -1.339728474958914 -1.33247023983952 -1.3253153085814775 -1.3182611947135887 -1.3113054954279013 -1.3044458879642027 -1.2976801261872886 -1.2910060373444119 -1.2844215189913795 -1.2779245360766365 -1.271513118173544 -1.2651853568517606 -1.258939403179357 -1.252773465347858 -1.2466858064129962 -1.2406747421444568 -1.2347386389783594 -1.2288759120666355 -1.2230850234178843 -1.2173644801245997 -1.2117128326720459 -1.2061286733243137 -1.2006106345834173 -1.1951573877175123 -1.189767641354595 -1.1844401401382356 -1.179173663442126 -1.1739670241404168 -1.1688190674309786 -1.1637286697089262 -1.1537162063664657 -1.1439212293420025 -1.1343357685041038 -1.1249522597953725 -1.115763518932948 -1.1067627171652283 -1.097943358897167 -1.089299261015998 -1.0808245337665359 -1.0725135630404243 -1.0643609939572696 -1.0563617156275946 -1.0485108469982567 -1.0408037236904828 -1.033235885749198 -1.0258030662299145 -1.0185011805562456 -1.0113263165872455 -1.0042747253391948 -0.997342812311445 -0.9905271293703094 -0.9838243671490252 -0.9772313479253953 -0.9707450189419911 -0.9675409419229359 -0.9578789347371856 -0.9216616881827895 -0.8655568278099404 -0.8169288241416037 -0.7742859700644077 -0.7364524313706372 -0.7025566429299093 -0.6719365565784919 -0.6440786098005977 -0.6185771912663903 -0.5951069126301368 -0.5734031509740545 -0.5532480881073034 -0.5344604959651352 -0.5168881320695704 -0.5004019896426642 -0.4848918890007316 -0.4702630544627055 -0.4564334258428466 -0.4433315246905309 -0.4308947444999932 -0.4190679685133368 -0.40780244321659875 -0.39705485327987455 -0.386786556580655 -0.3769629474686914 -0.3675529235369894 -0.35852843652153893 -0.34986411202990525 -0.3415369259289058 -0.3335259276440783 -0.32581200251288 -0.3183776668175847 -0.3112068902975334 -0.30428494187460825 -0.29759825507396576 -0.291134310224666 -0.2848815310128752 -0.2788291933576311 -0.272967344904219 -0.2672867336974008 -0.2617787448173735 -0.2564353439442894 -0.25124902696951984 -0.24132001340246384 -0.23194067353869466 -0.2230660109902138 -0.2146561570822233 -0.20667562700765427 -0.1990927050598267 -0.1918789331536382 -0.185008682630449 -0.17845879369603793 -0.17220827014937848 -0.1662380195959447 -0.16053063129923525 -0.1550701853508197 -0.14984208803699078 -0.14240655387589216 -0.13542297618980967 -0.128855033101949 -0.12267032761441887 -0.11683984443778171 -0.11133749756057841 -0.10613975101837662 -0.09964670723373868 -0.09361233214499824 -0.08799668941756629 -0.08276432156190808 -0.07671499851525361 -0.0711607911873771 -0.06605389794548402 -0.060457197343406224 -0.05538073180750364 -0.050042505692825416 -0.04462056428515641 -0.039272870363853324 -0.03413169441014809 -0.028899617154658733 