%Step Size
%Simulation 8: VDCC N Type
t8 = [0.0	 5.0E-4	 0.0010	 0.0040	 9.994	 10.0	 10.0005	 10.0035	 10.9935	 11.0	 11.0005	 11.0015	 11.002	 11.073	 11.076	 167.776	 167.778	 167.7785	 167.7815	 168.7715	 168.778	 168.7785	 168.7795	 168.78	 168.845	 168.848	 299.998	 ]; 
r8 = [5.0E-4 5.0E-4 0.0030 0.01 0.01 0.006000000000168981 0.0030 0.01 0.01 0.006500000000020378 0.0030 9.999999999994458E-4 0.0030 0.0030 0.01 0.01 0.002000000007313929 0.0030 0.01 0.01 0.00650000000092632 0.0030 0.0010000000000331966 0.0030 0.0030 0.01 0.01 ]; 
