%Step Size
%Simulation 9: VDCC N Type
t9 = [0.0	 5.0E-4	 0.0010	 0.0040	 9.994	 10.0	 10.0005	 10.0035	 10.9935	 11.0	 11.0005	 11.0015	 11.002	 11.073	 11.076	 188.886	 188.889	 188.8895	 188.8925	 189.8825	 189.889	 189.8895	 189.8905	 189.891	 189.956	 189.959	 299.999	 ]; 
r9 = [5.0E-4 5.0E-4 0.0030 0.01 0.01 0.006000000000168981 0.0030 0.01 0.01 0.006500000000020378 0.0030 9.999999999994458E-4 0.0030 0.0030 0.01 0.01 0.0030000000265317794 0.0030 0.01 0.01 0.00650000000092632 0.0030 0.0010000000000047748 0.0030 0.0030 0.01 0.01 ]; 
