%Step Size
%Simulation 10: VDCC N Type
t10 = [0.0	 5.0E-4	 0.0010	 0.0040	 9.994	 10.0	 10.0005	 10.0035	 10.9935	 11.0	 11.0005	 11.0015	 11.002	 11.073	 11.076	 209.996	 210.0005	 210.001	 210.004	 210.994	 211.0005	 211.001	 211.002	 211.0025	 211.0675	 211.0705	 299.9905	 ]; 
r10 = [5.0E-4 5.0E-4 0.0030 0.01 0.01 0.006000000000168981 0.0030 0.01 0.01 0.006500000000020378 0.0030 9.999999999994458E-4 0.0030 0.0030 0.01 0.01 0.004500000045709385 0.0030 0.01 0.01 0.00650000000092632 0.0030 0.0010000000000331966 0.0030 0.0030 0.01 0.01 ]; 
