%V
%Simulation 5: VDCC N Type
t5 = [0.0	 5.0E-4	 10.0	 10.0005	 11.0	 11.0005	 104.4445	 104.445	 105.4445	 105.445	 299.994	 ]; 
r5 = [-70.0 -70.0 -70.0 20.0 20.0 -70.0 -70.0 20.0 20.0 -70.0 -70.0 ]; 
