%Step Size
%Simulation 3: VDCC N Type
t3 = [0.0	 5.0E-4	 0.0010	 0.0040	 9.994	 10.0	 10.0005	 10.0035	 10.9935	 11.0	 11.0005	 11.0015	 11.002	 11.073	 11.076	 62.216	 62.2225	 62.223	 62.226	 63.216	 63.2225	 63.223	 63.224	 63.2245	 63.289	 63.292	 299.992	 ]; 
r3 = [5.0E-4 5.0E-4 0.0030 0.01 0.01 0.006000000000168981 0.0030 0.01 0.01 0.006500000000020378 0.0030 9.999999999994458E-4 0.0030 0.0030 0.01 0.01 0.006500000003526907 0.0030 0.01 0.01 0.006500000000194461 0.0030 9.999999999976694E-4 0.0030 0.0030 0.01 0.01 ]; 
