%Step Size
%Simulation 1: VDCC N Type
t1 = [0.0	 5.0E-4	 0.0010	 0.0040	 9.994	 10.0	 10.0005	 10.0035	 10.9935	 11.0	 11.0005	 11.0015	 11.002	 11.073	 11.076	 19.996	 20.0005	 20.001	 20.004	 20.994	 21.0005	 21.001	 21.002	 21.0025	 21.0665	 21.0695	 299.9995	 ]; 
r1 = [5.0E-4 5.0E-4 0.0030 0.01 0.01 0.006000000000168981 0.0030 0.01 0.01 0.006500000000020378 0.0030 9.999999999994458E-4 0.0030 0.0030 0.01 0.01 0.0044999999993926565 0.0030 0.01 0.01 0.006499999999846295 0.0030 0.0010000000000012221 0.0030 0.0030 0.01 0.01 ]; 
