%V
%Simulation 7: VDCC N Type
t7 = [0.0	 5.0E-4	 10.0	 10.0005	 11.0	 11.0005	 146.667	 146.6675	 147.667	 147.6675	 299.997	 ]; 
r7 = [-70.0 -70.0 -70.0 20.0 20.0 -70.0 -70.0 20.0 20.0 -70.0 -70.0 ]; 
