%V
%Simulation 10: VDCC N Type
t10 = [0.0	 5.0E-4	 10.0	 10.0005	 11.0	 11.0005	 210.0005	 210.001	 211.0005	 211.001	 299.9905	 ]; 
r10 = [-70.0 -70.0 -70.0 20.0 20.0 -70.0 -70.0 20.0 20.0 -70.0 -70.0 ]; 
