%AllCurrents
%Simulation 1: Postsynaptic Cytosolic Currents 
t1 = [0.0	 5.0E-4	 11.1645	 11.166	 11.167	 11.168	 11.169	 11.17	 11.171	 11.1715	 11.172	 11.1725	 11.173	 11.1735	 11.174	 11.1745	 11.175	 11.1755	 11.176	 11.1765	 11.177	 11.1775	 11.178	 11.1785	 11.179	 11.1795	 11.18	 11.1805	 11.181	 11.1815	 11.182	 11.1825	 11.183	 11.1835	 11.184	 11.1845	 11.185	 11.1855	 11.186	 11.1865	 11.187	 11.1875	 11.188	 11.1885	 11.189	 11.1895	 11.19	 11.1905	 11.191	 11.1915	 11.192	 11.1925	 11.193	 11.1935	 11.194	 11.1945	 11.195	 11.1955	 11.196	 11.1965	 11.197	 11.1975	 11.198	 11.1985	 11.199	 11.1995	 11.2	 11.2005	 11.201	 11.2015	 11.202	 11.2025	 11.203	 11.2035	 11.204	 11.2045	 11.205	 11.2055	 11.206	 11.2065	 11.207	 11.2075	 11.208	 11.2085	 11.209	 11.2095	 11.21	 11.2105	 11.211	 11.2115	 11.212	 11.2125	 11.213	 11.2135	 11.214	 11.2145	 11.215	 11.2155	 11.216	 11.2165	 11.217	 11.2175	 11.218	 11.2185	 11.219	 11.2195	 11.22	 11.2205	 11.221	 11.2215	 11.222	 11.2225	 11.223	 11.2235	 11.224	 11.2245	 11.225	 11.2255	 11.226	 11.2265	 11.227	 11.2275	 11.228	 11.2285	 11.229	 11.2295	 11.23	 11.2305	 11.231	 11.2315	 11.232	 11.2325	 11.233	 11.2335	 11.234	 11.2345	 11.235	 11.2355	 11.236	 11.2365	 11.237	 11.2375	 11.238	 11.2385	 11.239	 11.2395	 11.24	 11.2405	 11.241	 11.2415	 11.242	 11.2425	 11.243	 11.2435	 11.244	 11.2445	 11.245	 11.2455	 11.246	 11.2465	 11.247	 11.2475	 11.248	 11.2485	 11.249	 11.2495	 11.25	 11.2505	 11.251	 11.2515	 11.252	 11.2525	 11.253	 11.2535	 11.254	 11.2545	 11.255	 11.2555	 11.256	 11.2565	 11.257	 11.2575	 11.258	 11.2585	 11.259	 11.2595	 11.26	 11.2605	 11.261	 11.2615	 11.262	 11.2625	 11.263	 11.2635	 11.264	 11.2645	 11.265	 11.2655	 11.266	 11.2665	 11.267	 11.2675	 11.268	 11.2685	 11.269	 11.2695	 11.27	 11.2705	 11.271	 11.2715	 11.272	 11.2725	 11.273	 11.2735	 11.274	 11.2745	 11.275	 11.2755	 11.2765	 11.2775	 11.2785	 11.2795	 11.2805	 11.2815	 11.2825	 11.2835	 11.2845	 11.2855	 11.2865	 11.2875	 11.2885	 11.2895	 11.2905	 11.2915	 11.2925	 11.2935	 11.2945	 11.2955	 11.2965	 11.2975	 11.2985	 11.2995	 11.3005	 11.3015	 11.3025	 11.3035	 11.3045	 11.3055	 11.3065	 11.3075	 11.3085	 11.3095	 11.3105	 11.3115	 11.3125	 11.3135	 11.3145	 11.3155	 11.3165	 11.3175	 11.3185	 11.3195	 11.3205	 11.3215	 11.3225	 11.3235	 11.3245	 11.3255	 11.3265	 11.3275	 11.3285	 11.3295	 11.3305	 11.3315	 11.3325	 11.3335	 11.3345	 11.3355	 11.3365	 11.3375	 11.3385	 11.3395	 11.3405	 11.3415	 11.3425	 11.3435	 11.3445	 11.3455	 11.3465	 11.348	 11.3495	 11.351	 11.3525	 11.354	 11.3555	 11.357	 11.3585	 11.36	 11.3615	 11.363	 11.3645	 11.366	 11.3675	 11.369	 11.3705	 11.372	 11.3735	 11.375	 11.3765	 11.378	 11.3795	 11.381	 11.3825	 11.384	 11.3855	 11.387	 11.389	 11.391	 11.393	 11.395	 11.397	 11.399	 11.401	 11.403	 11.405	 11.407	 11.409	 11.411	 11.413	 11.415	 11.4155	 11.418	 11.4215	 11.422	 11.4245	 11.4275	 11.428	 11.4305	 11.4325	 11.433	 11.444	 11.4445	 11.4485	 11.4515	 11.4625	 11.463	 11.4695	 11.481	 11.4815	 11.4875	 11.499	 11.4995	 11.5165	 11.517	 11.534	 11.5345	 11.55	 11.5505	 11.5645	 11.565	 11.583	 11.6115	 11.7165	 11.7555	 11.756	 11.7755	 11.776	 11.797	 11.7975	 11.8185	 11.819	 11.8405	 11.841	 11.8635	 11.864	 11.887	 11.8875	 11.911	 11.9115	 11.9355	 11.936	 11.961	 11.9615	 11.9865	 11.987	 12.013	 12.0135	 12.0405	 12.041	 12.068	 12.0685	 12.0965	 12.097	 12.1255	 12.126	 12.1555	 12.156	 12.186	 12.1865	 12.217	 12.2175	 12.2485	 12.249	 12.281	 12.2815	 12.3135	 12.314	 12.3475	 12.348	 12.3815	 12.382	 12.416	 12.4165	 12.4515	 12.452	 12.4875	 12.488	 12.524	 12.5245	 12.561	 12.5615	 12.599	 12.5995	 12.6375	 12.638	 12.676	 12.6765	 12.7155	 12.716	 12.7555	 12.756	 12.796	 12.7965	 12.8375	 12.838	 12.879	 12.8795	 12.921	 12.9215	 12.964	 12.9645	 13.007	 13.0075	 13.051	 13.0515	 13.0955	 13.096	 13.1405	 13.141	 13.186	 13.1865	 13.232	 13.2325	 13.2785	 13.279	 13.337	 13.3375	 13.384	 13.3845	 13.44	 13.4405	 13.4885	 13.489	 13.549	 13.5495	 13.5985	 13.599	 13.6565	 13.657	 13.7075	 13.708	 13.77	 13.7705	 13.8215	 13.822	 13.881	 13.8815	 13.9335	 13.934	 13.982	 13.9825	 14.034	 14.0345	 14.0955	 14.096	 14.1505	 14.151	 14.216	 14.2165	 14.272	 14.2725	 14.3385	 14.339	 14.3955	 14.396	 14.463	 14.4635	 14.5205	 14.521	 14.582	 14.5825	 14.6405	 14.641	 14.7095	 14.71	 14.769	 14.7695	 14.836	 14.8365	 14.8965	 14.897	 14.958	 14.9585	 15.0185	 15.019	 15.0815	 15.082	 15.1445	 15.145	 15.2085	 15.209	 15.2725	 15.273	 15.3365	 15.337	 15.4015	 15.402	 15.4665	 15.467	 15.532	 15.5325	 15.598	 15.5985	 15.6645	 15.665	 15.731	 15.7315	 15.798	 15.7985	 15.8655	 15.866	 15.9335	 15.934	 16.002	 16.0025	 16.0705	 16.071	 16.14	 16.1405	 16.2095	 16.21	 16.279	 16.2795	 16.3495	 16.35	 16.42	 16.4205	 16.491	 16.4915	 16.5625	 16.563	 16.6345	 16.635	 16.7065	 16.707	 16.779	 16.7795	 16.852	 16.8525	 16.925	 16.9255	 16.9985	 16.999	 17.0725	 17.073	 17.147	 17.1475	 17.2215	 17.222	 17.297	 17.2975	 17.372	 17.3725	 17.448	 17.4485	 17.524	 17.5245	 17.6005	 17.601	 17.677	 17.6775	 17.754	 17.7545	 17.8315	 17.832	 17.9095	 17.91	 17.9875	 17.988	 18.066	 18.0665	 18.1445	 18.145	 18.2235	 18.224	 18.303	 18.3035	 18.383	 18.3835	 18.463	 18.4635	 18.5435	 18.544	 18.624	 18.6245	 18.705	 18.7055	 18.7865	 18.787	 18.868	 18.8685	 18.95	 18.9505	 19.032	 19.0325	 19.115	 19.1155	 19.1975	 19.198	 19.281	 19.2815	 19.3645	 19.365	 19.448	 19.4485	 19.5325	 19.533	 19.6165	 19.617	 19.7015	 19.702	 19.7865	 19.787	 19.872	 19.8725	 19.9575	 19.958	 20.043	 20.0435	 20.1295	 20.13	 20.216	 20.2165	 20.303	 20.3035	 20.39	 20.3905	 20.477	 20.4775	 20.565	 20.5655	 20.653	 20.6535	 20.741	 20.7415	 20.8295	 20.83	 20.9185	 20.919	 21.097	 21.0975	 21.1465	 21.1485	 21.15	 21.1515	 21.1525	 21.1535	 21.1545	 21.1555	 21.1565	 21.1575	 21.1585	 21.1595	 21.1605	 21.1615	 21.1625	 21.1635	 21.1645	 21.1655	 21.1665	 21.1675	 21.1685	 21.1695	 21.1705	 21.1715	 21.1725	 21.1735	 21.1745	 21.1755	 21.1765	 21.1775	 21.1785	 21.1795	 21.1805	 21.1815	 21.1825	 21.1835	 21.1845	 21.1855	 21.1865	 21.1875	 21.1885	 21.1895	 21.1905	 21.1915	 21.1925	 21.1935	 21.1945	 21.1955	 21.1965	 21.1975	 21.1985	 21.1995	 21.2005	 21.2015	 21.2025	 21.2035	 21.2045	 21.2055	 21.2065	 21.2075	 21.2085	 21.2095	 21.2105	 21.2115	 21.2125	 21.2135	 21.2145	 21.2155	 21.2165	 21.2175	 21.2185	 21.2195	 21.2205	 21.2215	 21.2225	 21.2235	 21.2245	 21.2255	 21.2265	 21.2275	 21.2285	 21.2295	 21.2305	 21.2315	 21.2325	 21.2335	 21.2345	 21.2355	 21.2365	 21.2375	 21.2385	 21.2395	 21.2405	 21.2415	 21.2425	 21.2435	 21.2445	 21.2455	 21.2465	 21.2475	 21.2485	 21.2495	 21.2505	 21.2515	 21.2525	 21.2535	 21.2545	 21.2555	 21.2565	 21.2575	 21.2585	 21.2595	 21.2605	 21.2615	 21.2625	 21.2635	 21.265	 21.2665	 21.268	 21.2695	 21.271	 21.2725	 21.274	 21.2755	 21.277	 21.2785	 21.28	 21.2815	 21.283	 21.2845	 21.286	 21.2875	 21.289	 21.2905	 21.292	 21.2935	 21.295	 21.2965	 21.298	 21.2995	 21.301	 21.3025	 21.304	 21.3055	 21.307	 21.309	 21.311	 21.313	 21.315	 21.3175	 21.318	 21.328	 21.3285	 21.331	 21.3345	 21.335	 21.345	 21.3455	 21.3485	 21.3515	 21.352	 21.362	 21.3625	 21.366	 21.3785	 21.379	 21.3845	 21.395	 21.3955	 21.4005	 21.411	 21.4115	 21.427	 21.4275	 21.443	 21.4435	 21.4555	 21.456	 21.469	 21.4695	 21.4825	 21.483	 21.496	 21.4965	 21.5105	 21.511	 21.525	 21.5255	 21.5555	 21.5875	 21.754	 21.7965	 21.8415	 21.8885	 21.889	 21.913	 21.9135	 21.938	 21.9385	 21.9635	 21.964	 21.99	 21.9905	 22.017	 22.0175	 22.0445	 22.045	 22.073	 22.0735	 22.102	 22.1025	 22.1315	 22.132	 22.1615	 22.162	 22.1925	 22.193	 22.224	 22.2245	 22.2565	 22.257	 22.289	 22.2895	 22.3225	 22.323	 22.357	 22.3575	 22.3915	 22.392	 22.427	 22.4275	 22.463	 22.4635	 22.4995	 22.5	 22.537	 22.5375	 22.5745	 22.575	 22.613	 22.6135	 22.652	 22.6525	 22.6915	 22.692	 22.732	 22.7325	 22.7725	 22.773	 22.814	 22.8145	 22.8555	 22.856	 22.898	 22.8985	 22.941	 