%VD
%Simulation 1:  Postsynaptic Potential 
t1 = [0.0	 5.0E-4	 11.187	 11.194	 11.199	 11.2035	 11.2075	 11.211	 11.214	 11.217	 11.22	 11.2225	 11.225	 11.2275	 11.23	 11.2325	 11.2345	 11.2365	 11.2385	 11.2405	 11.2425	 11.2445	 11.2465	 11.2485	 11.2505	 11.2525	 11.2545	 11.2565	 11.2585	 11.2605	 11.2625	 11.264	 11.2655	 11.267	 11.2685	 11.27	 11.2715	 11.273	 11.2745	 11.276	 11.2775	 11.279	 11.2805	 11.282	 11.2835	 11.285	 11.2865	 11.288	 11.2895	 11.291	 11.2925	 11.294	 11.2955	 11.297	 11.2985	 11.3	 11.3015	 11.303	 11.3045	 11.306	 11.3075	 11.309	 11.3105	 11.312	 11.3135	 11.315	 11.3165	 11.318	 11.3195	 11.321	 11.3225	 11.324	 11.3255	 11.327	 11.3285	 11.33	 11.3315	 11.333	 11.3345	 11.336	 11.3375	 11.339	 11.3405	 11.342	 11.3435	 11.345	 11.3465	 11.348	 11.3495	 11.351	 11.3525	 11.354	 11.3555	 11.357	 11.3585	 11.36	 11.3615	 11.363	 11.3645	 11.366	 11.3675	 11.369	 11.3705	 11.372	 11.3735	 11.375	 11.3765	 11.378	 11.3795	 11.381	 11.3825	 11.384	 11.3855	 11.387	 11.3885	 11.39	 11.3915	 11.393	 11.3945	 11.396	 11.3975	 11.399	 11.4005	 11.402	 11.4035	 11.405	 11.4065	 11.408	 11.4095	 11.411	 11.4125	 11.414	 11.4155	 11.417	 11.4185	 11.42	 11.4215	 11.423	 11.4245	 11.426	 11.4275	 11.429	 11.4305	 11.432	 11.4335	 11.435	 11.4365	 11.438	 11.4395	 11.441	 11.4425	 11.444	 11.4455	 11.447	 11.4485	 11.45	 11.4515	 11.453	 11.4545	 11.456	 11.4575	 11.459	 11.4605	 11.462	 11.4635	 11.465	 11.4665	 11.468	 11.4695	 11.471	 11.4725	 11.474	 11.4755	 11.477	 11.4785	 11.48	 11.4815	 11.483	 11.4845	 11.486	 11.4875	 11.489	 11.4905	 11.492	 11.4935	 11.495	 11.4965	 11.498	 11.4995	 11.501	 11.5025	 11.504	 11.5055	 11.507	 11.5085	 11.51	 11.5115	 11.513	 11.5145	 11.516	 11.5175	 11.519	 11.5205	 11.522	 11.5235	 11.525	 11.5265	 11.528	 11.5295	 11.531	 11.5325	 11.534	 11.5355	 11.537	 11.5385	 11.54	 11.5415	 11.543	 11.5445	 11.546	 11.5475	 11.549	 11.5505	 11.552	 11.5535	 11.555	 11.5565	 11.558	 11.5595	 11.561	 11.5625	 11.564	 11.5655	 11.567	 11.5685	 11.57	 11.5715	 11.573	 11.5745	 11.576	 11.5775	 11.5795	 11.5815	 11.5835	 11.5855	 11.5875	 11.5895	 11.5915	 11.5935	 11.5955	 11.5975	 11.5995	 11.6015	 11.6035	 11.6055	 11.6075	 11.6095	 11.6115	 11.6135	 11.6155	 11.6175	 11.6195	 11.6215	 11.6235	 11.6255	 11.6275	 11.6295	 11.6315	 11.6335	 11.6355	 11.6375	 11.6395	 11.6415	 11.6435	 11.6455	 11.6475	 11.6495	 11.6515	 11.6535	 11.6555	 11.6575	 11.6595	 11.6615	 11.6635	 11.6655	 11.6675	 11.6695	 11.6715	 11.6735	 11.6755	 11.6775	 11.6795	 11.6815	 11.6835	 11.6855	 11.6875	 11.6895	 11.6915	 11.6935	 11.6955	 11.6975	 11.6995	 11.7015	 11.704	 11.7065	 11.709	 11.7115	 11.714	 11.7165	 11.719	 11.7215	 11.724	 11.7265	 11.729	 11.7315	 11.734	 11.7365	 11.739	 11.7415	 11.744	 11.7465	 11.749	 11.7515	 11.754	 11.7565	 11.759	 11.7615	 11.764	 11.7665	 11.769	 11.7715	 11.774	 11.7765	 11.779	 11.7815	 11.784	 11.787	 11.79	 11.793	 11.796	 11.799	 11.802	 11.805	 11.808	 11.811	 11.814	 11.817	 11.82	 11.823	 11.826	 11.829	 11.832	 11.835	 11.838	 11.841	 11.844	 11.847	 11.8505	 11.854	 11.8575	 11.861	 11.8645	 11.868	 11.8715	 11.875	 11.8785	 11.882	 11.8855	 11.889	 11.8925	 11.896	 11.8995	 11.9035	 11.9075	 11.9115	 11.9155	 11.9195	 11.9235	 11.9275	 11.9315	 11.9355	 11.9395	 11.944	 11.9485	 11.953	 11.9575	 11.962	 11.9665	 11.971	 11.9755	 11.98	 11.985	 11.99	 11.995	 12.0	 12.005	 12.01	 12.015	 12.0205	 12.026	 12.0315	 12.037	 12.0425	 12.0485	 12.0545	 12.0605	 12.0665	 12.073	 12.0795	 12.0865	 12.0935	 12.1005	 12.108	 12.1155	 12.123	 12.131	 12.1395	 12.148	 12.1565	 12.166	 12.1755	 12.1855	 12.1965	 12.2075	 12.2195	 12.2325	 12.2455	 12.2595	 12.2755	 12.2925	 12.3115	 12.3335	 12.3595	 12.393	 12.4475	 12.6175	 12.66	 12.6935	 12.7235	 12.7505	 12.776	 12.8015	 12.824	 12.846	 12.867	 12.888	 12.907	 12.927	 12.945	 12.964	 12.981	 12.999	 13.017	 13.034	 13.052	 13.068	 13.085	 13.102	 13.118	 13.134	 13.15	 13.165	 13.181	 13.197	 13.212	 13.228	 13.243	 13.258	 13.273	 13.288	 13.302	 13.317	 13.332	 13.347	 13.361	 13.376	 13.391	 13.405	 13.419	 13.434	 13.449	 13.463	 13.478	 13.493	 13.507	 13.521	 13.535	 13.55	 13.564	 13.578	 13.593	 13.607	 13.621	 13.635	 13.649	 13.664	 13.678	 13.692	 13.707	 13.721	 13.735	 13.749	 13.764	 13.778	 13.792	 13.806	 13.821	 13.835	 13.849	 13.863	 13.878	 13.892	 13.906	 13.921	 13.936	 13.95	 13.964	 13.978	 13.992	 14.006	 14.021	 14.036	 14.05	 14.064	 14.078	 14.093	 14.107	 14.121	 14.136	 14.151	 14.165	 14.179	 14.193	 14.208	 14.223	 14.237	 14.252	 14.267	 14.282	 14.296	 14.311	 14.326	 14.342	 14.356	 14.371	 14.386	 14.402	 14.416	 14.431	 14.446	 14.462	 14.477	 14.492	 14.508	 14.524	 14.539	 14.554	 14.57	 14.586	 14.601	 14.616	 14.632	 14.648	 14.663	 14.678	 14.694	 14.711	 14.726	 14.742	 14.758	 14.775	 14.79	 14.806	 14.822	 14.839	 14.855	 14.871	 14.888	 14.905	 14.921	 14.937	 14.954	 14.97	 14.986	 15.003	 15.021	 15.037	 15.054	 15.071	 15.089	 15.105	 15.122	 15.14	 15.157	 15.174	 15.191	 15.209	 15.226	 15.243	 15.261	 15.279	 15.296	 15.314	 15.332	 15.35	 15.367	 15.385	 15.404	 15.421	 15.439	 15.458	 15.477	 15.495	 15.513	 15.532	 15.55	 15.568	 15.587	 15.606	 15.624	 15.643	 15.663	 15.681	 15.7	 15.72	 15.7395	 15.7575	 15.7765	 15.797	 15.816	 15.835	 15.855	 15.8755	 15.8945	 15.9145	 15.9355	 15.9545	 15.975	 15.996	 16.016	 16.0355	 16.0565	 16.0775	 16.0975	 16.1185	 16.141	 16.161	 16.182	 16.2045	 16.2255	 16.2465	 16.269	 16.2915	 16.3125	 16.335	 16.3575	 16.3785	 16.401	 16.425	 16.446	 16.4685	 16.4925	 16.515	 16.5375	 16.5615	 16.584	 16.6065	 16.6305	 16.653	 16.677	 16.7025	 16.7265	 16.7505	 16.776	 16.8	 16.824	 16.8495	 16.8735	 16.8975	 16.9245	 16.9485	 16.974	 17.001	 17.025	 17.0505	 17.0775	 17.103	 17.13	 17.157	 17.1825	 17.2095	 17.2365	 17.2635	 17.292	 17.319	 17.346	 17.3755	 17.4025	 17.431	 17.4595	 17.4865	 17.5175	 17.5465	 17.575	 17.6065	 17.635	 17.665	 17.6955	 17.726	 17.758	 17.7865	 17.818	 17.8495	 17.8805	 17.9145	 17.945	 17.979	 18.012	 18.044	 18.078	 18.11	 18.146	 18.178	 18.214	 18.248	 18.282	 18.318	 18.352	 18.39	 18.424	 18.462	 18.498	 18.536	 18.572	 18.61	 18.649	 18.688	 18.728	 18.768	 18.808	 18.8495	 18.89	 18.931	 18.9735	 19.0165	 19.059	 19.1015	 19.1435	 19.1885	 19.2325	 19.28	 19.325	 19.374	 19.419	 19.4665	 19.5145	 19.563	 19.615	 19.663	 19.7145	 19.766	 19.8175	 19.871	 19.924	 19.9785	 20.0355	 20.0895	 20.146	 20.2045	 20.2605	 20.322	 20.3835	 20.444	 20.506	 20.572	 20.6355	 20.702	 20.771	 20.841	 20.911	 20.9815	 21.0525	 21.126	 21.1815	 21.1895	 21.196	 21.2015	 21.2065	 21.211	 21.2155	 21.2195	 21.2235	 21.2275	 21.231	 21.2345	 21.238	 21.2415	 21.245	 21.248	 21.251	 21.254	 21.257	 21.26	 21.263	 21.266	 21.269	 21.272	 21.275	 21.278	 21.2805	 21.283	 21.2855	 21.288	 21.2905	 21.293	 21.2955	 21.298	 21.3005	 21.303	 21.3055	 21.308	 21.3105	 21.313	 21.3155	 21.318	 21.3205	 21.323	 21.3255	 21.328	 21.3305	 21.333	 21.3355	 21.338	 21.3405	 21.343	 21.3455	 21.348	 21.3505	 21.353	 21.3555	 21.358	 21.3605	 21.363	 21.3655	 21.368	 21.3705	 21.373	 21.3755	 21.378	 21.3805	 21.383	 21.3855	 21.388	 21.3905	 21.393	 21.3955	 21.398	 21.4005	 21.403	 21.4055	 21.408	 21.4105	 21.413	 21.4155	 21.418	 21.4205	 21.423	 21.4255	 21.428	 21.4305	 21.433	 21.4355	 21.438	 21.4405	 21.443	 21.4455	 21.448	 21.4505	 21.453	 21.4555	 21.458	 21.4605	 21.463	 21.4655	 21.468	 21.4705	 21.473	 21.4755	 21.478	 21.4805	 21.483	 21.4855	 21.488	 21.4905	 21.493	 21.496	 21.499	 21.502	 21.505	 21.508	 21.511	 21.514	 21.517	 21.52	 21.523	 21.526	 21.529	 21.532	 21.535	 21.538	 21.541	 21.544	 21.547	 21.55	 21.553	 21.556	 21.559	 21.562	 21.565	 21.568	 21.571	 21.574	 21.577	 21.58	 21.583	 21.586	 21.5895	 21.593	 21.5965	 21.6	 21.6035	 21.607	 21.6105	 21.614	 21.6175	 21.621	 21.6245	 21.628	 21.6315	 21.635	 21.6385	 21.642	 21.6455	 21.649	 21.6525	 21.656	 21.66	 21.664	 21.668	 21.672	 21.676	 