%V
%Simulation 3: VDCC N Type
t3 = [0.0	 5.0E-4	 10.0	 10.0005	 11.0	 11.0005	 62.2225	 62.223	 63.2225	 63.223	 299.992	 ]; 
r3 = [-70.0 -70.0 -70.0 20.0 20.0 -70.0 -70.0 20.0 20.0 -70.0 -70.0 ]; 
